world: 0c52527c-f895-4989-828f-80caa9f6e8b5
world-name: Spawn
x: 282.52243531594735
y: 91.0
z: 593.5419253203916
yaw: -179.9317626953125
pitch: -2.516143560409546
name: casino
lastowner: 0d45db84-9179-4b23-93b7-38a90642b372
