world: 140696f2-dab0-45e1-a385-d9402c4b481b
world-name: SpawnRPG
x: -344.5
y: 66.0
z: -109.5
yaw: 90.0294418334961
pitch: -1.8427320718765259
name: crates
lastowner: 26ed0e51-3dbb-3950-b9ae-1b7db8ac61c6
