world: 140696f2-dab0-45e1-a385-d9402c4b481b
world-name: SpawnRPG
x: 12.619154978868684
y: 58.0
z: -156.5858486249213
yaw: -88.875
pitch: -1.708755612373352
name: Leaderboard
lastowner: 26ed0e51-3dbb-3950-b9ae-1b7db8ac61c6
