world: 140696f2-dab0-45e1-a385-d9402c4b481b
world-name: SpawnRPG
x: 251.61531345328078
y: 58.0
z: 206.86106603047074
yaw: 178.797119140625
pitch: -1.184454083442688
name: magia
lastowner: 26ed0e51-3dbb-3950-b9ae-1b7db8ac61c6
