world: 140696f2-dab0-45e1-a385-d9402c4b481b
world-name: SpawnRPG
x: 265.8532959581217
y: 63.0
z: -415.9189675248097
yaw: -89.1678466796875
pitch: 0.9827911853790283
name: pesca
lastowner: 26ed0e51-3dbb-3950-b9ae-1b7db8ac61c6
