world: 140696f2-dab0-45e1-a385-d9402c4b481b
world-name: SpawnRPG
x: -40.05142280826328
y: 58.0
z: -78.28457213686123
yaw: 90.62391662597656
pitch: -1.506919503211975
name: pociones
lastowner: 26ed0e51-3dbb-3950-b9ae-1b7db8ac61c6
