world: 589edd95-4703-42b9-aaf3-02faeca8d9a8
world-name: pvp
x: 299.5
y: 196.0
z: 665.5
yaw: 0.9460593461990356
pitch: -0.22860275208950043
name: pvpSeguro
lastowner: 0d45db84-9179-4b23-93b7-38a90642b372
