world: 140696f2-dab0-45e1-a385-d9402c4b481b
world-name: SpawnRPG
x: -293.44558255686155
y: 55.0
z: 333.6559715720626
yaw: 0.8757346868515015
pitch: -7.562258720397949
name: reliquias
lastowner: 26ed0e51-3dbb-3950-b9ae-1b7db8ac61c6
