world: 140696f2-dab0-45e1-a385-d9402c4b481b
world-name: SpawnRPG
x: 341.5
y: 64.0
z: -567.5
yaw: 0.956146240234375
pitch: -0.6322203874588013
name: taberna
lastowner: 26ed0e51-3dbb-3950-b9ae-1b7db8ac61c6
