spawns:
  default:
    world: 140696f2-dab0-45e1-a385-d9402c4b481b
    world-name: SpawnRPG
    x: 59.60780017799351
    y: 60.0
    z: 48.648157499251305
    yaw: 92.17144775390625
    pitch: -0.09394240379333496
